0 0.2628401860677696 0.5186954134918175 0.057413605346908446 0.10426237012586892
0 0.29964984273549683 0.5292902939906485 0.06286362667090888 0.035985966806520865
0 0.3618316693984515 0.5066825107971695 0.05719542934436319 0.08551237012586874
0 0.2548533213717255 0.30187476639624683 0.050999973344999464 0.0897262734452168
0 0.3033180933720437 0.3078888906713006 0.06506247334499946 0.09079186597668398
0 0.3408271840388164 0.31151172075521316 0.04471361067790856 0.08612767676456468
0 0.3627963747612684 0.7237516116270065 0.022202264003817973 0.029782588382282427
0 0.7988027686982713 0.29313687719806075 0.04640338001272663 0.0971835759347277
0 0.8373476480346802 0.3186939068670548 0.06099313868554468 0.14356166846619497
0 0.874102760701771 0.32460128736588584 0.06584427068745384 0.15797936597668408
0 0.9107669667011347 0.32269616786471694 0.057959045353271677 0.15113737012586884
0 0.9419987853675893 0.3235016512679774 0.05501585868872638 0.16652557178554286
0 0.9779544667011347 0.32778733218172695 0.044023814688090114 0.16100927759440165
0 0.9330863146880899 0.46275340541716226 0.13382737062382014 0.16354412697434614
0 0.8246242127625412 0.76811356641018 0.04453398671227049 0.3390158784242384
0 0.8535395534293138 0.7710852010581959 0.0476408053787253 0.33769017676456486
0 0.8855980754296319 0.775856134046538 0.0396464920432706 0.32147318091374955
0 0.9144588720957684 0.7741402686945539 0.035140805378725305 0.3367429834032604
0 0.9480162594286774 0.7735608508530589 0.0380839920432706 0.32135478174358667
0 0.9754872787634955 0.7865703363309118 0.03187035471036168 0.32400618506293455
0 0.9875976413709301 0.7863102272027052 0.024804717258139774 0.3179929834032606