0 0.3079092552908339 0.3261640868430382 0.1200883278894855 0.2849386022629363
0 0.27211527650266126 0.3337720537637468 0.11645314485894734 0.278670421544777
0 0.23405729604749861 0.3499646803253758 0.11712282455550556 0.2677420119038567
0 0.13767650362384398 0.33377153288289974 0.10497376879593134 0.21457156010845857
0 0.09939525362384398 0.33354881908544903 0.1171867263722767 0.23026019262201594
0 0.0608589121085749 0.33645110528799843 0.1015617263722767 0.23016928903121964
0 0.033594136813861655 0.33777725595192837 0.06718827362772331 0.2160704275949012
0 0.014716591056227116 0.34389090056573407 0.029433182112454232 0.22215680113146813
0 0.07216268711342406 0.46379940046753826 0.14432537422684813 0.09947380093507655
0 0.33034210680804266 0.27158112597245376 0.07219347758022465 0.11911361436318471
0 0.3765000165007216 0.3859663337197802 0.11562474212409227 0.07719882513557322
0 0.039485978474062766 0.7348295179539809 0.07897195694812553 0.32242951190385655
0 0.05682492294400954 0.7209715510332723 0.11364984588801907 0.3208488311856975
0 0.09018103966940291 0.7336851744716434 0.10564319061658183 0.2801692890312196
0 0.11991633709402741 0.7236970961146162 0.10851309910131275 0.27706246974937887
0 0.15052847936790084 0.6933919725780493 0.11744156001163804 0.30991133118569747
0 0.19352918027628643 0.7124010478118185 0.10478232122152567 0.25049087939029935
0 0.2800405072476879 0.6675703368430381 0.11265846516238902 0.2895806504675381
0 0.31283703179349515 0.6583816892041703 0.11004364819292718 0.295812469749379
0 0.34614386830779437 0.6812424722834617 0.09674668061464216 0.22857951795398074
0 0.37446005800629234 0.6407629180287356 0.11084087364711995 0.2864465601084586