0 0.23638148990017932 0.47140327417555505 0.08293286831702948 0.11607335080120365
0 0.2698464372834608 0.4900356969842587 0.06973564732681173 0.049628144580648126
0 0.3370717346385075 0.4817829910465271 0.0788068104386391 0.09861244872768501
0 0.2886019554875508 0.26238915061291607 0.07273882096198277 0.10119064458064804
0 0.334748913394176 0.2789901817156938 0.08689232622365459 0.10398345391148131
0 0.37096713445498086 0.29079640607953633 0.06621580517696728 0.09595634043361105
0 0.278601269051136 0.690250310462129 0.028473610495108836 0.03513641762490742
0 0.8278394897590051 0.3739552608867577 0.06997784200867016 0.1071672425071295
0 0.858877387156404 0.407294732658702 0.0945829998588259 0.15595605702175913
0 0.8933966003247009 0.42130800598578527 0.10321454721387227 0.17070206220555537
0 0.9299788424321932 0.42686423034962784 0.09503802616718496 0.16376855702175913
0 0.9492370766471776 0.4332604933091185 0.07076606826055994 0.17408134043361093
0 0.9682222950771466 0.44434425626860924 0.03133954721387226 0.1644138145146296
0 0.9022571188817267 0.5657804673901371 0.14943709983059109 0.19029139227157366
0 0.7217226665191221 0.8303524111219206 0.1290321365211195 0.33929517775615886
0 0.7494381428415988 0.8354547951935641 0.13050363125944742 0.32909040961287167
0 0.7801421112715676 0.8460112321162956 0.12012757338105721 0.3079775357674088
0 0.8089573560098959 0.8445755169655085 0.11938412073610385 0.31084896606898305
0 0.8423235928557162 0.8515138031106705 0.11856507338105722 0.29697239377865897
0 0.8655867876081619 0.8604882619231242 0.11396857864272932 0.27902347615375156
0 0.882637779715654 0.8639744926253001 0.11360455759604164 0.27205101474939974