0 0.25703125 0.49921875 0.05703125 0.09921875
0 0.29375 0.50703125 0.06171875 0.03125
0 0.35625 0.4796875 0.05703125 0.08203125
0 0.2515625 0.2828125 0.05078125 0.0859375
0 0.3 0.28515625 0.0640625 0.0859375
0 0.3375 0.2859375 0.04453125 0.0828125
0 0.3546875 0.696875 0.021875 0.028125
0 0.79609375 0.2328125 0.0453125 0.09453125
0 0.834375 0.25546875 0.05859375 0.1390625
0 0.87109375 0.25859375 0.0640625 0.15234375
0 0.9078125 0.25390625 0.05703125 0.14765625
0 0.9390625 0.25234375 0.05234375 0.16171875
0 0.975 0.25390625 0.0421875 0.1578125
0 0.93125 0.3921875 0.1375 0.15234375
0 0.81640625 0.70625 0.03984375 0.3359375
0 0.8453125 0.70703125 0.04296875 0.33359375
0 0.87734375 0.709375 0.0359375 0.31875
0 0.90625 0.70546875 0.03125 0.33359375
0 0.93984375 0.70234375 0.03515625 0.31875
0 0.9671875 0.71328125 0.02890625 0.321875
0 0.984375 0.71171875 0.03046875 0.31484375