0 0.27351390660414926 0.35837873130179987 0.041764776119281775 0.05383763154179624
0 0.30644923733684387 0.35794609179690867 0.03839411465389251 0.04896812101845249
0 0.34090612449197366 0.3583857075536893 0.03995661465389251 0.04905912628012441
0 0.36993520522466816 0.35772555489461855 0.03831222749876275 0.04740562101845249
0 0.4044739795349278 0.3566026706513993 0.04464411465389264 0.049332142065139896
0 0.28328397501237196 0.4710075339185183 0.03362472749876275 0.04713260523343692
0 0.330486523632891 0.46748769176867383 0.03543288896415202 0.05191111049510884
0 0.3777709594085398 0.46240534961882923 0.041764776119281775 0.05383763154179633
0 0.41749187867584503 0.46706973379146144 0.027292840343633173 0.04520608418674961
0 0.27677062415328935 0.5803370312876824 0.03551477611928178 0.053473610495108834
0 0.3118449869981596 0.583947149675299 0.030670145861557075 0.02047909997176518
0 0.34749255992893807 0.5766197680629157 0.03863977611928178 0.05365562101845249
0 0.37816602781676245 0.5744881206655167 0.03847600180902226 0.050530621018452494
0 0.4192856727738083 0.5823685100998206 0.04012703301668683 0.022587631541796327
0 0.2862950310961228 0.6976533339044009 0.04390713025772479 0.03526964206513981
0 0.3296322732942067 0.6931247286003768 0.03905585594746528 0.03187162628012423
0 0.4208714269576799 0.686684283777344 0.03872830732694617 0.02562162628012441
0 0.44451032281923686 0.6692538600715858 0.05136550542706697 0.14786064732681173
0 0.5657799717330116 0.3589449626035997 0.03674972749876275 0.04731461575678066
0 0.605047189620836 0.3573138441453959 0.035105340343632996 0.045661110495108834
0 0.6300881331984008 0.3579886783321455 0.022441566033373484 0.04180806840173403
0 0.5651448066495777 0.46078047838861524 0.04028416327441153 0.05530912628012423
0 0.5793180127787572 0.7734925809912163 0.02696529172311397 0.038956084186749604
0 0.8208802295349278 0.38085557288694705 0.1137083751693421 0.11877936305535756
0 0.9422992853915361 0.1873169464656483 0.0393767605154494 0.06771812101845254
0 0.9099194753510563 0.28181810438639093 0.054149668701478505 0.20098564732681182
0 0.8926500881959264 0.2823795465080006 0.062862927407906 0.21862817363517104
0 0.8704065959978425 0.28813672284459474 0.061054765942516555 0.21384966837349922
0 0.8394775005658268 0.2502881123494859 0.030915807326946522 0.02516659997176518
0 0.8131639840574835 0.25894277553190037 0.0309976944820761 0.02672909997176518
0 0.7963892418593996 0.265018470284346 0.029271420171816588 0.023513094710093264
0 0.7827804432388806 0.27049492556013527 0.02762703301668683 0.021859589448421434
0 0.7611544267305372 0.2794226045275653 0.027708920171816587 0.023422089448421436
0 0.741336571687583 0.2837537887566672 0.018088258706427142 0.018188557878390375
0 0.734018716644629 0.2888130150791438 0.01948698439616763 0.015154563140062116
0 0.72353491802411 0.2944714808782768 0.016361984396167806 0.01497255261671846
0 0.8734066067404347 0.6495670465080006 0.16321921076327683 0.4690369682887946
0 0.8536706388526104 0.6523357307371025 0.16305543645301732 0.4659119682887944