0 0.309375 0.3203125 0.03359375 0.04765625
0 0.3421875 0.321875 0.03203125 0.04453125
0 0.3765625 0.3234375 0.0328125 0.04296875
0 0.40546875 0.32421875 0.03125 0.04296875
0 0.43984375 0.325 0.03828125 0.04296875
0 0.31328125 0.43359375 0.02734375 0.04296875
0 0.36015625 0.43203125 0.028125 0.04765625
0 0.4078125 0.42890625 0.034375 0.0484375
0 0.446875 0.43515625 0.02109375 0.0421875
0 0.30078125 0.5421875 0.028125 0.0484375
0 0.3359375 0.546875 0.02890625 0.015625
0 0.371875 0.54140625 0.03125 0.04921875
0 0.40234375 0.540625 0.03203125 0.0453125
0 0.44296875 0.55078125 0.0375 0.01640625
0 0.30390625 0.659375 0.0390625 0.02890625
0 0.34765625 0.65703125 0.03515625 0.0265625
0 0.4390625 0.6546875 0.0359375 0.0203125
0 0.46328125 0.63828125 0.0296875 0.14296875
0 0.60078125 0.334375 0.03046875 0.0421875
0 0.63984375 0.33515625 0.02890625 0.040625
0 0.66484375 0.33671875 0.015625 0.03984375
0 0.59453125 0.4359375 0.0328125 0.05
0 0.5921875 0.7484375 0.02109375 0.03515625
0 0.85390625 0.36796875 0.09765625 0.103125
0 0.98515625 0.18125 0.02890625 0.0625
0 0.94765625 0.2734375 0.02265625 0.19765625
0 0.93046875 0.2734375 0.0296875 0.2140625
0 0.90859375 0.278125 0.02890625 0.209375
0 0.8796875 0.2390625 0.028125 0.02109375
0 0.85234375 0.24609375 0.028125 0.021875
0 0.8359375 0.2515625 0.0265625 0.01875
0 0.821875 0.25625 0.025 0.01796875
0 0.8 0.2640625 0.025 0.01953125
0 0.7796875 0.26796875 0.01640625 0.015625
0 0.771875 0.27265625 0.01796875 0.0125
0 0.76171875 0.27734375 0.0140625 0.01328125
0 0.8921875 0.63828125 0.0921875 0.45390625
0 0.87265625 0.640625 0.0921875 0.45