0 0.25625 0.49140625 0.0609375 0.09765625
0 0.35 0.47890625 0.0421875 0.08828125
0 0.25078125 0.28125 0.05078125 0.075
0 0.3 0.28515625 0.0640625 0.090625
0 0.34140625 0.2859375 0.05390625 0.08515625
0 0.7953125 0.23046875 0.0453125 0.0890625
0 0.8265625 0.2515625 0.03984375 0.13984375
0 0.87265625 0.259375 0.0609375 0.14453125
0 0.9078125 0.2578125 0.05234375 0.140625
0 0.93984375 0.2578125 0.053125 0.14765625
0 0.97734375 0.25390625 0.0453125 0.1390625
0 0.93203125 0.3921875 0.1359375 0.1578125
0 0.815625 0.70546875 0.03984375 0.33515625
0 0.846875 0.7078125 0.03828125 0.3375
0 0.87890625 0.70546875 0.03984375 0.32578125
0 0.909375 0.70546875 0.03828125 0.3359375
0 0.9390625 0.7109375 0.034375 0.32109375
0 0.965625 0.71484375 0.03203125 0.32109375
0 0.98828125 0.7140625 0.0234375 0.31875