0 0.060700504618853526 0.19609375 0.07234166442319181 0.1234375
0 0.14236804176587206 0.20859375 0.0848416644231918 0.1234375
0 0.213970257126136 0.21796875 0.07064277210332381 0.11875
0 0.2839872404330886 0.228125 0.0846598079967011 0.1171875
0 0.06692880641385544 0.4921875 0.09922241316955056 0.134375
0 0.1795651987337235 0.4875 0.11824519780928666 0.14375
0 0.26481237694696885 0.484375 0.08296091567683303 0.1125
0 0.12631921212806563 0.76015625 0.06894387978345574 0.1140625
0 0.059685641594952224 0.76796875 0.06729045157021037 0.1109375
0 0.21533624802144297 0.76171875 0.09405152837152989 0.0640625
0 0.6484385338483133 0.2953125 0.0822789540774929 0.0890625
0 0.6938874261681813 0.290625 0.09156302586424747 0.0859375
0 0.7215805171552658 0.30546875 0.07276756175762493 0.084375