0 0.7549522052646271 0.5417940101553408 0.0844324874635877 0.10984769867214013
0 0.6657162090255507 0.5094951154433393 0.0637108105039836 0.0956670240041051
0 0.8021668714036785 0.3383599379466338 0.06808006175762457 0.08475679508134393
0 0.7527435329238765 0.33161503425764177 0.08581313103709683 0.10360678903121974
0 0.7118684803374518 0.3232576335937118 0.0746483105039836 0.09573065651766247
0 0.2776345696751836 0.16950748234060672 0.06688127461060622 0.09724770472226432
0 0.2428647645814764 0.1829932654198981 0.07454066191590929 0.14572156615858275
0 0.19670281842154236 0.18091768101274683 0.09668844655564546 0.15522383118569744
0 0.16205503378180625 0.17174266891249843 0.08713159012915472 0.14891928903121973
0 0.13057771324869286 0.16411197609409078 0.08892141066226812 0.15674087939029935
0 0.09508048244902276 0.15259775917338217 0.07922816191590935 0.1457488372358217
0 0.11178591231162076 0.2970562863007452 0.17255226458147638 0.1853476684215191
0 0.16439305291562917 0.6280563014260558 0.12383728292387644 0.3366010962128122
0 0.13378791059576112 0.6235460634281083 0.12232024703049911 0.33815450585373236
0 0.10226512595602502 0.6143528706097007 0.12200199828414035 0.32721700585373253
0 0.07313155542291161 0.6067085422526736 0.12071228292387644 0.3365829154946528
0 0.05672530542291162 0.6068039910230095 0.08744514185764965 0.3207670179539809
0 0.04179062720966625 0.603765349434266 0.05775764185764962 0.32059430113146803
0 0.029131502836486873 0.5983693223069029 0.03262124953778158 0.31576135538619426