0 0.2337412216733497 0.5320892955723233 0.08151117328319835 0.10669542759490121
0 0.32489491460125514 0.5034415999252453 0.06061647642635144 0.09407725292686617
0 0.20112358250776996 0.32686598526747296 0.06635705417661042 0.0831761143631847
0 0.2505606563290875 0.32189213895646496 0.08278257485477489 0.1004545179539809
0 0.2922943920610639 0.3146199944408551 0.07155397642635145 0.09414088544042354
0 0.7351989836650618 0.17926673907810198 0.06381425103345731 0.09565793364502548
0 0.7688826248975561 0.19391050117835035 0.07083053846084475 0.14568520472226432
0 0.8157576248975562 0.19363779040596185 0.09150691149637416 0.15361587939029936
0 0.8504964979330853 0.18562530250621023 0.08340331306795043 0.1473204275949013
0 0.882782459057956 0.17997020014507809 0.08532968610347993 0.15514201795398092
0 0.919192994004144 0.1696048718862469 0.07551803846084475 0.14571247579950314
0 0.892185230150405 0.31347304655428193 0.16930657981717373 0.18062380698520064
0 0.8167099253546221 0.6427292753788472 0.1125943151348654 0.3380636022629364
0 0.8473242245688338 0.6394270133767946 0.11266708974197108 0.33962610226293644
0 0.8789380976043631 0.6314327061952023 0.11059516749223022 0.3286795119038565
0 0.9096615587292337 0.6257866941931498 0.11103181513486504 0.33805451190385655
0 0.9323178087292338 0.6256548839864953 0.09155406906380677 0.3223204275949012
0 0.9464530833363394 0.6240105707547787 0.06342906906380677 0.3221568011314682
0 0.9599526571576572 0.6192458027026019 0.03672101984959468 0.3188772650271147