0 0.37307174074696636 0.2981708335352783 0.0919633278894855 0.28717634783255325
0 0.33823435514105266 0.29283207612090445 0.08832814485894733 0.2807990138401644
0 0.2980079678681491 0.29589606771794746 0.09056032455550556 0.26998884783255317
0 0.21348931771836793 0.24620513243296432 0.08453372303829683 0.2152376808363588
0 0.1785084109006269 0.23302204152049333 0.09518418061464215 0.23124468281352514
0 0.14170991256761684 0.22290028361182795 0.0796867263722767 0.23217051285158127
0 0.1035402328710586 0.21037110870696818 0.07385131455356589 0.21791701186299814
0 0.06342541590159675 0.20246576680591394 0.07904899758410402 0.22435801285158127
0 0.028778833180319346 0.19465592539915139 0.05755766636063869 0.2284088428896373
0 0.0926344259035364 0.33967660672980177 0.1852688518070728 0.08770954152049333
0 0.41205436347600244 0.252728340949652 0.06100088606495557 0.11772601087441492
0 0.41819317998642236 0.37917809440969313 0.11017196757828493 0.07145318874502422
0 0.010587458325251391 0.592552255931499 0.021174916650502782 0.325729511862998
0 0.029401231204068658 0.59245409684397 0.058802462408137315 0.3258568458553869
0 0.04525079012844488 0.617164936767858 0.07764573637421636 0.2834783448668038
0 0.07578331300726215 0.6176251931936485 0.08051564485894729 0.28048067885919253
0 0.1133789078565111 0.5987770341061196 0.08631910576927253 0.3134205128515813
0 0.14748296982500314 0.6323044585166877 0.07978232122152566 0.2524193458553869
0 0.2419184960378003 0.618123894790254 0.08466101092002357 0.2931080128515813
0 0.274667223158983 0.6202421517103363 0.08061123970819625 0.30072951186299796
0 0.2985512622486578 0.6541369906456408 0.07330918061464216 0.23035334486680376
0 0.3377571545225312 0.6251644150562091 0.08128091940475449 0.2898556788591925