0 0.62578125 0.29375 0.03984375 0.28203125
0 0.66171875 0.29375 0.03671875 0.2765625
0 0.70078125 0.30234375 0.04140625 0.2640625
0 0.79296875 0.26640625 0.0453125 0.209375
0 0.83046875 0.25859375 0.053125 0.22421875
0 0.86875 0.25390625 0.03671875 0.2265625
0 0.90859375 0.246875 0.03359375 0.21328125
0 0.94921875 0.24453125 0.03828125 0.21875
0 0.98828125 0.24296875 0.02265625 0.225
0 0.90390625 0.3765625 0.1921875 0.06015625
0 0.59609375 0.24375 0.03984375 0.1125
0 0.56640625 0.3671875 0.09921875 0.05703125
0 0.96171875 0.64140625 0.028125 0.32265625
0 0.92421875 0.63515625 0.0265625 0.321875
0 0.890625 0.6546875 0.025 0.28046875
0 0.86015625 0.65078125 0.02890625 0.27734375
0 0.8265625 0.62734375 0.02890625 0.31015625
0 0.78671875 0.6546875 0.03359375 0.2484375
0 0.69609375 0.62734375 0.03046875 0.28828125
0 0.66328125 0.625 0.025 0.296875
0 0.63359375 0.6546875 0.03203125 0.22578125
0 0.60078125 0.6203125 0.028125 0.2859375