0 0.9675942054501447 0.2844892646170872 0.04800596878180698 0.12263865909060953
0 0.8974999602594682 0.27946657386985246 0.08399803248413776 0.12482845048646736
0 0.8258977787711224 0.2729086566615681 0.06815477767481407 0.11830571509696393
0 0.7549950017292806 0.2686808526838086 0.08377977767481415 0.11857845048646735
0 0.8889136116259291 0.570064300330902 0.09838791469812272 0.13444891233702042
0 0.7821105401190499 0.5430399245184756 0.11746529691210802 0.14415119480442443
0 0.7000892138028473 0.5218291720828436 0.08205358656782166 0.11386367694751698
0 0.7553198285088193 0.8183399334469292 0.06799108656782167 0.11361821509696393
0 0.8170013729738563 0.8406864918889158 0.0663740228654909 0.11202844155801372
0 0.6684473110856242 0.8018985016281484 0.09280754809323426 0.06408186525911966
0 0.38372020245491995 0.2579844549539895 0.08274306733052797 0.08889095048646736
0 0.34126980762706305 0.24389072727512384 0.09050100362819702 0.08746481818121907
0 0.31050095726424337 0.25301631128465546 0.07164187622353531 0.08401253571381498