0 0.0328125 0.2515625 0.0546875 0.1171875
0 0.115625 0.25390625 0.0671875 0.11640625
0 0.18828125 0.25390625 0.053125 0.1125
0 0.259375 0.25546875 0.06796875 0.11015625
0 0.08359375 0.54296875 0.08046875 0.12578125
0 0.19453125 0.525 0.09921875 0.1328125
0 0.27890625 0.51171875 0.06796875 0.10546875
0 0.1828125 0.80078125 0.053125 0.1078125
0 0.11796875 0.8171875 0.05234375 0.10546875
0 0.27109375 0.79140625 0.0859375 0.05390625
0 0.63125 0.27734375 0.07109375 0.08046875
0 0.675 0.2671875 0.0796875 0.07734375
0 0.7046875 0.27890625 0.06171875 0.07734375