0 0.6482427101585364 0.3484899464527152 0.04296967261537983 0.054294016091543364
0 0.6150750126480473 0.35088297293581877 0.03948947510489074 0.04938799480421992
0 0.5810668655524768 0.3540026190970914 0.04105197510489074 0.04949725544788164
0 0.5518646176270692 0.35588754718934934 0.0393710759347277 0.047825494804219916
0 0.5171936197016616 0.35739006302879117 0.04573947510489074 0.04982503737886681
0 0.6475304699067986 0.46153624967102386 0.034683575934727706 0.04749771287323483
0 0.6003594719813912 0.46216468036117175 0.03660127344521662 0.05229447351689629
0 0.5525848228112281 0.4603947307294889 0.04296967261537965 0.054294016091543364
0 0.5135339782051684 0.46787409495977644 0.028315176764564676 0.045498170298587756
0 0.6628576267506314 0.5702064093259499 0.03671967261537965 0.053856973516896466
0 0.6278314313147348 0.5763964251653917 0.031108290041956366 0.02082595222957302
0 0.5920123304848979 0.5723209303611718 0.03984467261537983 0.054075494804219915
0 0.5613659817296534 0.572534097809768 0.039607874275053766 0.05095049480421991
0 0.5204566391981862 0.5838104513963938 0.040601689212119395 0.023044016091543364
0 0.6633526889884047 0.6880494731879203 0.04467388257342346 0.03576253737886681
0 0.6194250902331602 0.6873339251653917 0.0397495842330974 0.03230975544788173
0 0.5274860439674265 0.6879734275111803 0.039275987552445456 0.02605975544788173
0 0.5027703864988938 0.6721081268907616 0.05476112282516112 0.14837179802252862
0 0.35658708380889015 0.3728626076971251 0.03780857593472771 0.047716234160558105
0 0.31716938629840113 0.37481859160558173 0.03612767676456467 0.046044473516896466
0 0.29187338837299354 0.37697667130699397 0.023390878424238613 0.0420453883676025
0 0.36541578691845666 0.47400984445557326 0.04152557178554286 0.05574725544788173
0 0.3770106020560149 0.7874057089379624 0.027841580083912555 0.03924817029858776
0 0.10365041534269528 0.41486516535490925 0.11633724025173771 0.12003898441265974
0 0.018156158918425296 0.3232789628732347 0.03631231783685059 0.20149679802252854
0 0.029087831221455123 0.32291832995351377 0.058175662442910246 0.21923060124083715
0 0.04592227094641706 0.3267917289647781 0.06598388797200824 0.21443384059717552
0 0.07405984895573721 0.2871336492633659 0.031463487552445366 0.02551345222957302
0 0.10110760103032963 0.29295196052744615 0.0315818867226084 0.02707595222957302
0 0.11799910310492208 0.2980600776077253 0.029782588382282336 0.023841691585911207
0 0.13260605476459603 0.3022230537225118 0.028101689212119307 0.022169930942249484
0 0.15484790766902545 0.30927608305560694 0.02822008838228234 0.023732430942249572
0 0.17504200849886242 0.31225897142320946 0.018489890871793247 0.01838936708027905
0 0.18255851057345485 0.31671152464151814 0.019815592531467186 0.015373627723940863
0 0.19320001264804731 0.3213825991471503 0.016690592531467187 0.015155106436617327
0 0.07988471908160606 0.6875924711711079 0.15976943816321212 0.4706616972858946
0 0.09230556056416608 0.6889582292168795 0.17375345685776603 0.4675366972858944